6
2
4
4
5
0
3
1
5
0
4
5
5
3
2
2
3
1
00110001001111100111111111001001011001110011011100110001000010101010011000100100011101001110011100001010101110101000100101010110101110110111011010010110001111110100000111011010101111000010001
1
100110100011111111100001011110101100000010100010100011110011100000000101010010000101101110001011110000110010110000011111011110011111111010000001000000101001001000011001000010000001101001100111111000000011011011111101101001011001011110101110001000110100000110100100101100001111111
1
110011001011111000100001100000110001000011010100111000101010111110011100010101101010010010001011111000001011011001000000000011101010110011101010010011110110111101101011110110001111
0
