=-=-=-=-=-=-=-=-==-=-=-=-=-=-=-=-=-=-=-=
Number of states in the M/C : 6
=-=-=-=-=-=-=-=-==-=-=-=-=-=-=-=-=-=-=-=
Number of final states : 2
Final State (1) : 4
Final State (2) : 4
=-=-=-=-=-=-=-=-==-=-=-=-=-=-=-=-=-=-=-=

State Of Machine :: 0
Next State if scanned symbol is 0 : 5
Next State if scanned symbol is 1 : 0
State Of Machine :: 1
Next State if scanned symbol is 0 : 3
Next State if scanned symbol is 1 : 1
State Of Machine :: 2
Next State if scanned symbol is 0 : 5
Next State if scanned symbol is 1 : 0
State Of Machine :: 3
Next State if scanned symbol is 0 : 4
Next State if scanned symbol is 1 : 5
State Of Machine :: 4
Next State if scanned symbol is 0 : 5
Next State if scanned symbol is 1 : 3
State Of Machine :: 5
Next State if scanned symbol is 0 : 2
Next State if scanned symbol is 1 : 2
=-=-=-=-=-=-=-=-==-=-=-=-=-=-=-=-=-=-=-=
Initial State of the M/C : 3
=-=-=-=-=-=-=-=-==-=-=-=-=-=-=-=-=-=-=-=
Perform String Check ( 0 (for no) / 1 (for yes) )? : 1
Input string ( with two symbols 0, 1) : 00110001001111100111111111001001011001110011011100110001000010101010011000100100011101001110011100001010101110101000100101010110101110110111011010010110001111110100000111011010101111000010001
The visited States of the M/C are : [3][4][5][2][0][5][2][5][2][5][2][0][0][0][0][0][5][2][0][0][0][0][0][0][0][0][0][5][2][0][5][2][0][5][2][0][5][2][0][0][0][5][2][0][0][5][2][0][0][5][2][0][0][5][2][5][2][5][2][5][2][0][5][2][5][2][5][2][5][2][0][0][5][2][5][2][5][2][0][5][2][5][2][0][0][5][2][5][2][0][0][0][5][2][0][0][0][5][2][5][2][0][5][2][5][2][5][2][0][0][5][2][5][2][5][2][5][2][5][2][0][5][2][5][2][5][2][0][5][2][5][2][0][0][5][2][0][5][2][0][0][5][2][0][5][2][5][2][0][5][2][0][5][2][5][2][0][0][0][0][0][5][2][5][2][5][2][5][2][0][0][5][2][0][5][2][5][2][5][2][0][0][0][5][2][5][2][0][5][2][5]

Present State : [2]
String Status :: String Not Accepted

=-=-=-=-=-=-=-=-==-=-=-=-=-=-=-=-=-=-=-=
Perform String Check ( 0 (for no) / 1 (for yes) )? : 1
Input string ( with two symbols 0, 1) : 100110100011111111100001011110101100000010100010100011110011100000000101010010000101101110001011110000110010110000011111011110011111111010000001000000101001001000011001000010000001101001100111111000000011011011111101101001011001011110101110001000110100000110100100101100001111111
The visited States of the M/C are : [3][5][2][5][2][0][5][2][5][2][5][2][0][0][0][0][0][0][0][0][5][2][5][2][0][5][2][0][0][0][5][2][5][2][0][5][2][5][2][5][2][0][5][2][5][2][5][2][5][2][5][2][5][2][0][0][0][5][2][0][0][0][5][2][5][2][5][2][5][2][0][5][2][5][2][5][2][0][5][2][5][2][0][5][2][0][5][2][0][0][5][2][5][2][5][2][0][0][0][5][2][5][2][0][0][5][2][0][5][2][0][5][2][5][2][5][2][0][0][0][0][5][2][0][0][0][5][2][0][0][0][0][0][0][0][0][5][2][5][2][5][2][5][2][0][5][2][5][2][5][2][0][5][2][5][2][0][5][2][0][5][2][5][2][0][0][5][2][0][5][2][5][2][0][5][2][5][2][5][2][0][0][5][2][5][2][0][0][5][2][0][0][0][0][0][0][5][2][5][2][5][2][5][2][0][5][2][0][5][2][0][0][0][0][0][5][2][0][5][2][5][2][0][5][2][0][5][2][0][5][2][0][0][0][5][2][5][2][0][0][5][2][5][2][5][2][5][2][0][5][2][5][2][5][2][5][2][0][5][2][5][2][0][5][2][0][5][2][0][5][2][5][2][0][0][0][0][0][0]

Present State : [0]
String Status :: String Not Accepted

=-=-=-=-=-=-=-=-==-=-=-=-=-=-=-=-=-=-=-=
Perform String Check ( 0 (for no) / 1 (for yes) )? : 1
Input string ( with two symbols 0, 1) : 110011001011111000100001100000110001000011010100111000101010111110011100010101101010010010001011111000001011011001000000000011101010110011101010010011110110111101101011110110001111
The visited States of the M/C are : [3][5][2][5][2][0][0][5][2][0][5][2][0][0][0][0][5][2][5][2][5][2][5][2][0][0][5][2][5][2][5][2][0][5][2][5][2][5][2][5][2][0][0][5][2][5][2][5][2][0][0][0][5][2][5][2][5][2][5][2][5][2][0][0][0][0][5][2][0][0][0][5][2][5][2][5][2][5][2][0][5][2][5][2][5][2][0][5][2][0][5][2][5][2][5][2][0][0][0][0][5][2][5][2][5][2][5][2][0][5][2][0][5][2][0][5][2][5][2][5][2][5][2][5][2][0][0][0][5][2][5][2][5][2][0][5][2][0][0][0][5][2][5][2][5][2][0][5][2][0][0][0][0][5][2][0][5][2][0][0][0][5][2][0][5][2][5][2][0][0][0][5][2][0][5][2][5][2][0][0]

Present State : [0]
String Status :: String Not Accepted

=-=-=-=-=-=-=-=-==-=-=-=-=-=-=-=-=-=-=-=
Perform String Check ( 0 (for no) / 1 (for yes) )? : 0
=-=-=-=-=-=-=-=-==-=-=-=-=-=-=-=-=-=-=-=
